# grep -c ^processor /proc/cpuinfo : 12 --> we have 12 cpu cores

Straight lines:
51318

[[ 366  200  192  362  440  674  624 1440  128  202]
 
[ 366  200 1440  362  440  674  624 1440  128  202]
 
[ 366 1440 1440 1440 1440 1440 1440 1440  128 1440]
 
[1440 1440 1440 1440 1440 1440 1440 1440 1440 1440]
 
[1440 1440 1440 1440 1440 1440 1440 1440 1440 1440]]

31




A* 2D  
51318

[[ 366  200  192  362  440  674  624 1440  128  202]
 
[ 366  200 1440  362  440  674  624 1440  128  202]
 
[ 366 1440 1440 1440 1440 1440 1440 1440  128 1440]
 
[1440 1440 1440 1440 1440 1440 1440 1440 1440 1440]
 
[1440 1440 1440 1440 1440 1440 1440 1440 1440 1440]]

31



A* 3D， risky (wind wall: 15)
  43010

[[ 368  202  194  364  442  676  626  724  130  204]
 
[ 368  202  194  364  442  676  626  762  130  204]
 
[ 368  412  402  568  962 1440  848  978  130  204]
 
[1440 1440 1440 1440 1440 1440 1440 1440 1440 1440]
 
[1440 1440 1440 1440 1440 1440 1440 1440 1440 1440]]
 
21



A* 3D， risky (wind wall: 14.5)  
43010

[[ 368  202  194  364  442  676  626  724  130  204]
 
[ 368  202  194  364  442  676  626  762  130  204]
 
[ 368  412  402  568  962 1440  848  978  130  204]
 
[1440 1440 1440 1440 1440 1440 1440 1440 1440 1440]
 
[1440 1440 1440 1440 1440 1440 1440 1440 1440 1440]]

21


 

A* 3D, conservative (wind wall: 14.5)  43058

[[ 368  202  194  364  442  676  626  724  130  204]
 
[ 368  202  194  364  442  676  626  762  130  204]
 
[ 368  424  402  568  962 1440  862 1000  130  204]
 
[1440 1440 1440 1440 1440 1440 1440 1440 1440 1440]
 
[1440 1440 1440 1440 1440 1440 1440 1440 1440 1440]]

21

 
A* 3D, conservative (wind wall: 15)
  43058

[[ 368  202  194  364  442  676  626  724  130  204]
 
[ 368  202  194  364  442  676  626  762  130  204]
 
[ 368  424  402  568  962 1440  862 1000  130  204]
 
[1440 1440 1440 1440 1440 1440 1440 1440 1440 1440]
 
[1440 1440 1440 1440 1440 1440 1440 1440 1440 1440]]

21


======================== Post 12-05 data=============================

49358

[[ 368  202  194  364  442  676  626  688  130  204]
 
[ 368  202  194  364  442  676  626 1440  130  204]
 
[ 368 1440 1440 1440 1440 1440 1440 1440  130 1440]
 
[1440 1440 1440 1440 1440 1440 1440 1440 1440 1440]
 
[1440 1440 1440 1440 1440 1440 1440 1440 1440 1440]]

29




48926

[[ 366  200  192  362  440 1440  624 1440  128  202]
 
[ 366  200  192  362  440  674  624  768  128  202]
 
[ 366 1440 1440 1440 1440 1440 1440 1440  128  202]
 
[1440 1440 1440 1440 1440 1440 1440 1440 1440 1440]
 
[1440 1440 1440 1440 1440 1440 1440 1440 1440 1440]]

29
