
evaluation
Train_costsExponential_baseNumber_10_model_mean_[1-10].csv
48466
[[ 366  200  192  362  440  674  624 1014  128  202]
 [ 366  200  192  362  440  674  624 1440  128  202]
 [ 366 1440 1440 1440 1440 1440 1440 1440  188  202]
 [1440 1440 1440 1440 1440 1440 1440 1440 1440 1440]
 [1440 1440 1440 1440 1440 1440 1440 1440 1440 1440]]
28

evaluation
Train_costsExponential_baseNumber_10model_number_[1].csv
50090
[[ 366  200  192  362  440  674  624 1440  128  202]
 [ 366  200  192  362  440  674  624 1440  128  202]
 [ 366 1440 1440 1440 1440 1440 1440 1440  148 1440]
 [1440 1440 1440 1440 1440 1440 1440 1440 1440 1440]
 [1440 1440 1440 1440 1440 1440 1440 1440 1440 1440]]
30
evaluation
Train_costsExponential_baseNumber_10model_number_[2].csv
50180
[[ 366  200  192  362  440  674  624 1440  128  202]
 [ 366  200  192  362  440  674  624 1440  128  202]
 [ 392 1440 1440 1440 1440 1440 1440 1440  212 1440]
 [1440 1440 1440 1440 1440 1440 1440 1440 1440 1440]
 [1440 1440 1440 1440 1440 1440 1440 1440 1440 1440]]
30
evaluation
Train_costsExponential_baseNumber_10model_number_[3].csv
48894
[[ 366  200  192  362  440  674  624 1440  128  202]
 [ 366  200  192  362  440  674  624 1440  128  202]
 [ 366 1440 1440 1440 1440 1440 1440 1440  182  210]
 [1440 1440 1440 1440 1440 1440 1440 1440 1440 1440]
 [1440 1440 1440 1440 1440 1440 1440 1440 1440 1440]]
29
evaluation
Train_costsExponential_baseNumber_10model_number_[4].csv
50508
[[ 366  200  192  362  440  674  624 1440  128  202]
 [ 366  200  192  362  440 1440  624  964  128  202]
 [ 398 1440 1440 1440 1440 1440 1440 1440  244 1440]
 [1440 1440 1440 1440 1440 1440 1440 1440 1440 1440]
 [1440 1440 1440 1440 1440 1440 1440 1440 1440 1440]]
30
evaluation
Train_costsExponential_baseNumber_10model_number_[5].csv
50142
[[ 366  200  192  362  440  674  624 1440  128  202]
 [ 366  200  192  362  440  674  624 1440  128  202]
 [ 386 1440 1440 1440 1440 1440 1440 1440  180 1440]
 [1440 1440 1440 1440 1440 1440 1440 1440 1440 1440]
 [1440 1440 1440 1440 1440 1440 1440 1440 1440 1440]]
30

evaluation
Train_costsExponential_baseNumber_10model_number_[6].csv
48764
[[ 366  200  192  362  440  674  624 1046  128  202]
 [ 366  200  192  362  440  674 1440  938  128  202]
 [ 366 1440 1440 1440 1440 1440 1440 1440  140  202]
 [1440 1440 1440 1440 1440 1440 1440 1440 1440 1440]
 [1440 1440 1440 1440 1440 1440 1440 1440 1440 1440]]
28

evaluation
Train_costsExponential_baseNumber_10model_number_[7].csv
47672
[[ 366  200  192  362  440  674  624 1020  128  202]
 [ 366  200  192  362  440  674  624 1440  128  202]
 [ 430 1440  580 1440 1440 1440 1440 1440  184  202]
 [1440 1440 1440 1440 1440 1440 1440 1440 1440 1440]
 [1440 1440 1440 1440 1440 1440 1440 1440 1440 1440]]
27
evaluation
Train_costsExponential_baseNumber_10model_number_[8].csv
50236
[[ 366  200  192  362  440  674  624 1440  128  202]
 [ 366  200  192  362  440  674  624 1440  128  202]
 [ 426 1440 1440 1440 1440 1440 1440 1440  234 1440]
 [1440 1440 1440 1440 1440 1440 1440 1440 1440 1440]
 [1440 1440 1440 1440 1440 1440 1440 1440 1440 1440]]
30
evaluation
Train_costsExponential_baseNumber_10model_number_[9].csv
50358
[[ 366  200  192  362  440  674  624 1440  128  202]
 [ 366  200  192  362  440  674  624 1440  128  202]
 [ 496 1440 1440 1440 1440 1440 1440 1440  286 1440]
 [1440 1440 1440 1440 1440 1440 1440 1440 1440 1440]
 [1440 1440 1440 1440 1440 1440 1440 1440 1440 1440]]
30
evaluation
Train_costsExponential_baseNumber_10model_number_[10].csv
51306
[[ 366  200  192  362  440  674  624 1018  128  202]
 [ 366  200  192  362  440 1440 1440 1440  128  202]
 [ 374 1440 1440 1440 1440 1440 1440 1440  196 1440]
 [1440 1440 1440 1440 1440 1440 1440 1440 1440 1440]
 [1440 1440 1440 1440 1440 1440 1440 1440 1440 1440]]
31
evaluation
Train_costsExponential_baseNumber_100_model_mean_[1-10].csv
48064
[[ 366  200  192  362  440  674  624 1016  128  202]
 [ 366  200  192  362  440  674  624  932  128  202]
 [ 422 1440 1440 1440 1440 1440 1440 1440  236  202]
 [1440 1440 1440 1440 1440 1440 1440 1440 1440 1440]
 [1440 1440 1440 1440 1440 1440 1440 1440 1440 1440]]
27
evaluation
Train_costsExponential_baseNumber_100model_number_[1].csv
49180
[[ 366  200  192  362  440  674  624 1016  128  202]
 [ 366  200  192  362  440  674  624  934  128  202]
 [ 366 1440 1440 1440 1440 1440 1440 1440  168 1440]
 [1440 1440 1440 1440 1440 1440 1440 1440 1440 1440]
 [1440 1440 1440 1440 1440 1440 1440 1440 1440 1440]]
28

evaluation
Train_costsExponential_baseNumber_100model_number_[2].csv
50186
[[ 366  200  192  362  440  674  624 1440  128  202]
 [ 366  200  192  362  440  674  624 1440  128  202]
 [ 396 1440 1440 1440 1440 1440 1440 1440  214 1440]
 [1440 1440 1440 1440 1440 1440 1440 1440 1440 1440]
 [1440 1440 1440 1440 1440 1440 1440 1440 1440 1440]]
30
evaluation
Train_costsExponential_baseNumber_100model_number_[3].csv
48898
[[ 366  200  192  362  440  674  624 1440  128  202]
 [ 366  200  192  362  440  674  624 1440  128  202]
 [ 366 1440 1440 1440 1440 1440 1440 1440  182  214]
 [1440 1440 1440 1440 1440 1440 1440 1440 1440 1440]
 [1440 1440 1440 1440 1440 1440 1440 1440 1440 1440]]
29
evaluation
Train_costsExponential_baseNumber_100model_number_[4].csv
50562
[[ 366  200  192  362  440  674  624 1440  128  202]
 [ 366  200  192  362  440 1440  624  976  128  202]
 [ 416 1440 1440 1440 1440 1440 1440 1440  268 1440]
 [1440 1440 1440 1440 1440 1440 1440 1440 1440 1440]
 [1440 1440 1440 1440 1440 1440 1440 1440 1440 1440]]
30
evaluation
Train_costsExponential_baseNumber_100model_number_[5].csv
49754
[[ 366  200  192  362  440  674  624 1002  128  202]
 [ 366  200  192  362  440  674  624 1440  128  202]
 [ 390 1440 1440 1440 1440 1440 1440 1440  226 1440]
 [1440 1440 1440 1440 1440 1440 1440 1440 1440 1440]
 [1440 1440 1440 1440 1440 1440 1440 1440 1440 1440]]
29
evaluation
Train_costsExponential_baseNumber_100model_number_[6].csv
48782
[[ 366  200  192  362  440  674  624 1050  128  202]
 [ 366  200  192  362  440  674 1440  938  128  202]
 [ 366 1440 1440 1440 1440 1440 1440 1440  142  214]
 [1440 1440 1440 1440 1440 1440 1440 1440 1440 1440]
 [1440 1440 1440 1440 1440 1440 1440 1440 1440 1440]]
28
evaluation
Train_costsExponential_baseNumber_100model_number_[7].csv
47734
[[ 366  200  192  362  440  674  624 1020  128  202]
 [ 366  200  192  362  440  674  624 1440  128  202]
 [ 454 1440  582 1440 1440 1440 1440 1440  220  202]
 [1440 1440 1440 1440 1440 1440 1440 1440 1440 1440]
 [1440 1440 1440 1440 1440 1440 1440 1440 1440 1440]]
27
evaluation
Train_costsExponential_baseNumber_100model_number_[8].csv
49454
[[ 366  200  192  362  440  674  624 1440  128  202]
 [ 366  200  192  362  440  674  624 1440  128  202]
 [ 520 1440  564 1440 1440 1440 1440 1440  234 1440]
 [1440 1440 1440 1440 1440 1440 1440 1440 1440 1440]
 [1440 1440 1440 1440 1440 1440 1440 1440 1440 1440]]
29
evaluation
Train_costsExponential_baseNumber_100model_number_[9].csv
49514
[[ 366  200  192  362  440  674  624 1440  128  202]
 [ 366  200  194  362  440  674  624 1440  128  202]
 [ 496 1440  586 1440 1440 1440 1440 1440  294 1440]
 [1440 1440 1440 1440 1440 1440 1440 1440 1440 1440]
 [1440 1440 1440 1440 1440 1440 1440 1440 1440 1440]]
29
evaluation
Train_costsExponential_baseNumber_100model_number_[10].csv
51314
[[ 366  200  192  362  440  674  624 1018  128  202]
 [ 366  200  192  362  440 1440 1440 1440  128  202]
 [ 374 1440 1440 1440 1440 1440 1440 1440  204 1440]
 [1440 1440 1440 1440 1440 1440 1440 1440 1440 1440]
 [1440 1440 1440 1440 1440 1440 1440 1440 1440 1440]]
31

evaluation
Train_costsExponential_baseNumber_1000_model_mean_[1-10].csv
48162
[[ 366  200  192  362  440  674  624 1016  128  202]
 [ 366  200  192  362  440  674  624  968  128  202]
 [ 482 1440 1440 1440 1440 1440 1440 1440  238  202]
 [1440 1440 1440 1440 1440 1440 1440 1440 1440 1440]
 [1440 1440 1440 1440 1440 1440 1440 1440 1440 1440]]
27
evaluation
Train_costsExponential_baseNumber_1000model_number_[1].csv
49192
[[ 366  200  192  362  440  674  624 1016  128  202]
 [ 366  200  192  362  440  674  624  934  128  202]
 [ 366 1440 1440 1440 1440 1440 1440 1440  180 1440]
 [1440 1440 1440 1440 1440 1440 1440 1440 1440 1440]
 [1440 1440 1440 1440 1440 1440 1440 1440 1440 1440]]
28

evaluation
Train_costsExponential_baseNumber_1000model_number_[2].csv
50190
[[ 366  200  192  362  440  674  624 1440  128  202]
 [ 366  200  192  362  440  674  624 1440  128  202]
 [ 398 1440 1440 1440 1440 1440 1440 1440  216 1440]
 [1440 1440 1440 1440 1440 1440 1440 1440 1440 1440]
 [1440 1440 1440 1440 1440 1440 1440 1440 1440 1440]]
30

evaluation
Train_costsExponential_baseNumber_1000model_number_[3].csv
48898
[[ 366  200  192  362  440  674  624 1440  128  202]
 [ 366  200  192  362  440  674  624 1440  128  202]
 [ 366 1440 1440 1440 1440 1440 1440 1440  182  214]
 [1440 1440 1440 1440 1440 1440 1440 1440 1440 1440]
 [1440 1440 1440 1440 1440 1440 1440 1440 1440 1440]]
29
evaluation
Train_costsExponential_baseNumber_1000model_number_[4].csv
50562
[[ 366  200  192  362  440  674  624 1440  128  202]
 [ 366  200  192  362  440 1440  624  976  128  202]
 [ 416 1440 1440 1440 1440 1440 1440 1440  268 1440]
 [1440 1440 1440 1440 1440 1440 1440 1440 1440 1440]
 [1440 1440 1440 1440 1440 1440 1440 1440 1440 1440]]
30
evaluation
Train_costsExponential_baseNumber_1000model_number_[5].csv
49830
[[ 366  200  192  362  440  674  624 1002  128  202]
 [ 366  200  192  362  440  674  624 1440  128  202]
 [ 392 1440 1440 1440 1440 1440 1440 1440  300 1440]
 [1440 1440 1440 1440 1440 1440 1440 1440 1440 1440]
 [1440 1440 1440 1440 1440 1440 1440 1440 1440 1440]]
29
  
evaluation
Train_costsExponential_baseNumber_1000model_number_[6].csv
48788
[[ 366  200  192  362  440  674  624 1050  128  202]
 [ 366  200  192  362  440  674 1440  938  128  202]
 [ 366 1440 1440 1440 1440 1440 1440 1440  148  214]
 [1440 1440 1440 1440 1440 1440 1440 1440 1440 1440]
 [1440 1440 1440 1440 1440 1440 1440 1440 1440 1440]]
28
evaluation
Train_costsExponential_baseNumber_1000model_number_[7].csv
47734
[[ 366  200  192  362  440  674  624 1020  128  202]
 [ 366  200  192  362  440  674  624 1440  128  202]
 [ 454 1440  582 1440 1440 1440 1440 1440  220  202]
 [1440 1440 1440 1440 1440 1440 1440 1440 1440 1440]
 [1440 1440 1440 1440 1440 1440 1440 1440 1440 1440]]
27
evaluation
Train_costsExponential_baseNumber_1000model_number_[8].csv
49640
[[ 366  200  192  362  440  674  624 1440  128  202]
 [ 366  200  192  362  440  674  624 1440  128  202]
 [ 520 1440  564 1440 1440 1440 1440 1440  420 1440]
 [1440 1440 1440 1440 1440 1440 1440 1440 1440 1440]
 [1440 1440 1440 1440 1440 1440 1440 1440 1440 1440]]
29
evaluation
Train_costsExponential_baseNumber_1000model_number_[9].csv
49528
[[ 366  200  192  362  440  674  624 1440  128  202]
 [ 366  200  194  362  440  674  624 1440  128  202]
 [ 496 1440  600 1440 1440 1440 1440 1440  294 1440]
 [1440 1440 1440 1440 1440 1440 1440 1440 1440 1440]
 [1440 1440 1440 1440 1440 1440 1440 1440 1440 1440]]
29

evaluation
Train_costsExponential_baseNumber_1000model_number_[10].csv
51314
[[ 366  200  192  362  440  674  624 1018  128  202]
 [ 366  200  192  362  440 1440 1440 1440  128  202]
 [ 374 1440 1440 1440 1440 1440 1440 1440  204 1440]
 [1440 1440 1440 1440 1440 1440 1440 1440 1440 1440]
 [1440 1440 1440 1440 1440 1440 1440 1440 1440 1440]]
31

evaluation
Train_costsExponential_baseNumber_10000_model_mean_[1-10].csv
47290
[[ 366  200  192  362  440  674  624 1016  128  202]
 [ 366  200  192  362  440  674  624  968  128  202]
 [ 482 1440  568 1440 1440 1440 1440 1440  238  202]
 [1440 1440 1440 1440 1440 1440 1440 1440 1440 1440]
 [1440 1440 1440 1440 1440 1440 1440 1440 1440 1440]]
26

evaluation
Train_costsExponential_baseNumber_10000model_number_[1].csv
49194
[[ 366  200  192  362  440  674  624 1016  128  202]
 [ 366  200  192  362  440  674  624  936  128  202]
 [ 366 1440 1440 1440 1440 1440 1440 1440  180 1440]
 [1440 1440 1440 1440 1440 1440 1440 1440 1440 1440]
 [1440 1440 1440 1440 1440 1440 1440 1440 1440 1440]]
28
evaluation
Train_costsExponential_baseNumber_10000model_number_[2].csv
50360
[[ 366  200  192  362  440  674  624 1440  128  202]
 [ 366  200  192  362  440  674  624 1440  128  202]
 [ 480 1440 1440 1440 1440 1440 1440 1440  304 1440]
 [1440 1440 1440 1440 1440 1440 1440 1440 1440 1440]
 [1440 1440 1440 1440 1440 1440 1440 1440 1440 1440]]
30
evaluation
Train_costsExponential_baseNumber_10000model_number_[3].csv
48898
[[ 366  200  192  362  440  674  624 1440  128  202]
 [ 366  200  192  362  440  674  624 1440  128  202]
 [ 366 1440 1440 1440 1440 1440 1440 1440  182  214]
 [1440 1440 1440 1440 1440 1440 1440 1440 1440 1440]
 [1440 1440 1440 1440 1440 1440 1440 1440 1440 1440]]
29
evaluation
Train_costsExponential_baseNumber_10000model_number_[4].csv
49778
[[ 366  200  192  362  440  674  624 1440  128  202]
 [ 366  200  192  362  440 1440  624  978  128  202]
 [ 490 1440  580 1440 1440 1440 1440 1440  268 1440]
 [1440 1440 1440 1440 1440 1440 1440 1440 1440 1440]
 [1440 1440 1440 1440 1440 1440 1440 1440 1440 1440]]
29
evaluation
Train_costsExponential_baseNumber_10000model_number_[5].csv
49832
[[ 366  200  192  362  440  674  624 1002  128  202]
 [ 366  200  192  362  440  674  624 1440  128  202]
 [ 392 1440 1440 1440 1440 1440 1440 1440  302 1440]
 [1440 1440 1440 1440 1440 1440 1440 1440 1440 1440]
 [1440 1440 1440 1440 1440 1440 1440 1440 1440 1440]]
29
evaluation
Train_costsExponential_baseNumber_10000model_number_[6].csv
48794
[[ 366  200  192  362  440  674  624 1052  128  202]
 [ 366  200  192  362  440  674 1440  940  128  202]
 [ 366 1440 1440 1440 1440 1440 1440 1440  148  216]
 [1440 1440 1440 1440 1440 1440 1440 1440 1440 1440]
 [1440 1440 1440 1440 1440 1440 1440 1440 1440 1440]]
28
evaluation
Train_costsExponential_baseNumber_10000model_number_[7].csv
47752
[[ 366  200  192  362  440  674  624 1020  128  202]
 [ 366  200  192  362  440  674  624 1440  128  202]
 [ 456 1440  582 1440 1440 1440 1440 1440  236  202]
 [1440 1440 1440 1440 1440 1440 1440 1440 1440 1440]
 [1440 1440 1440 1440 1440 1440 1440 1440 1440 1440]]
27

evaluation
Train_costsExponential_baseNumber_10000model_number_[8].csv
49218
[[ 366  200  192  362  440  674  624 1018  128  202]
 [ 366  200  192  362  440  674  624 1440  128  202]
 [ 520 1440  564 1440 1440 1440 1440 1440  420 1440]
 [1440 1440 1440 1440 1440 1440 1440 1440 1440 1440]
 [1440 1440 1440 1440 1440 1440 1440 1440 1440 1440]]
28
evaluation
Train_costsExponential_baseNumber_10000model_number_[9].csv
49530
[[ 366  200  192  362  440  674  624 1440  128  202]
 [ 366  200  194  362  440  674  624 1440  128  202]
 [ 498 1440  600 1440 1440 1440 1440 1440  294 1440]
 [1440 1440 1440 1440 1440 1440 1440 1440 1440 1440]
 [1440 1440 1440 1440 1440 1440 1440 1440 1440 1440]]
29

evaluation
Train_costsExponential_baseNumber_10000model_number_[10].csv
51314
[[ 366  200  192  362  440  674  624 1018  128  202]
 [ 366  200  192  362  440 1440 1440 1440  128  202]
 [ 374 1440 1440 1440 1440 1440 1440 1440  204 1440]
 [1440 1440 1440 1440 1440 1440 1440 1440 1440 1440]
 [1440 1440 1440 1440 1440 1440 1440 1440 1440 1440]]
31

evaluation
Train_costsExponential_baseNumber_100000_model_mean_[1-10].csv
47290
[[ 366  200  192  362  440  674  624 1016  128  202]
 [ 366  200  192  362  440  674  624  968  128  202]
 [ 482 1440  568 1440 1440 1440 1440 1440  238  202]
 [1440 1440 1440 1440 1440 1440 1440 1440 1440 1440]
 [1440 1440 1440 1440 1440 1440 1440 1440 1440 1440]]
26
evaluation
Train_costsExponential_baseNumber_100000model_number_[1].csv
49194
[[ 366  200  192  362  440  674  624 1016  128  202]
 [ 366  200  192  362  440  674  624  936  128  202]
 [ 366 1440 1440 1440 1440 1440 1440 1440  180 1440]
 [1440 1440 1440 1440 1440 1440 1440 1440 1440 1440]
 [1440 1440 1440 1440 1440 1440 1440 1440 1440 1440]]
28

evaluation
Train_costsExponential_baseNumber_100000model_number_[2].csv
50364
[[ 366  200  192  362  440  674  628 1440  128  202]
 [ 366  200  192  362  440  674  624 1440  128  202]
 [ 480 1440 1440 1440 1440 1440 1440 1440  304 1440]
 [1440 1440 1440 1440 1440 1440 1440 1440 1440 1440]
 [1440 1440 1440 1440 1440 1440 1440 1440 1440 1440]]
30

evaluation
Train_costsExponential_baseNumber_100000model_number_[3].csv
50124
[[ 366  200  192  362  440  674  624 1440  128  202]
 [ 366  200  192  362  440  674  624 1440  128  202]
 [ 366 1440 1440 1440 1440 1440 1440 1440  182 1440]
 [1440 1440 1440 1440 1440 1440 1440 1440 1440 1440]
 [1440 1440 1440 1440 1440 1440 1440 1440 1440 1440]]
30

evaluation
Train_costsExponential_baseNumber_100000model_number_[4].csv
49862
[[ 366  200  192  362  440  674  624 1440  128  202]
 [ 366  200  192  362  440 1440  624  978  128  202]
 [ 490 1440  660 1440 1440 1440 1440 1440  272 1440]
 [1440 1440 1440 1440 1440 1440 1440 1440 1440 1440]
 [1440 1440 1440 1440 1440 1440 1440 1440 1440 1440]]
29

evaluation
Train_costsExponential_baseNumber_100000model_number_[5].csv
49840
[[ 366  200  192  362  440  674  624 1002  128  202]
 [ 366  200  192  362  440  674  624 1440  128  202]
 [ 392 1440 1440 1440 1440 1440 1440 1440  310 1440]
 [1440 1440 1440 1440 1440 1440 1440 1440 1440 1440]
 [1440 1440 1440 1440 1440 1440 1440 1440 1440 1440]]
29
evaluation
Train_costsExponential_baseNumber_100000model_number_[6].csv
48794
[[ 366  200  192  362  440  674  624 1052  128  202]
 [ 366  200  192  362  440  674 1440  940  128  202]
 [ 366 1440 1440 1440 1440 1440 1440 1440  148  216]
 [1440 1440 1440 1440 1440 1440 1440 1440 1440 1440]
 [1440 1440 1440 1440 1440 1440 1440 1440 1440 1440]]
28
evaluation
Train_costsExponential_baseNumber_100000model_number_[7].csv
47752
[[ 366  200  192  362  440  674  624 1020  128  202]
 [ 366  200  192  362  440  674  624 1440  128  202]
 [ 456 1440  582 1440 1440 1440 1440 1440  236  202]
 [1440 1440 1440 1440 1440 1440 1440 1440 1440 1440]
 [1440 1440 1440 1440 1440 1440 1440 1440 1440 1440]]
27

evaluation
Train_costsExponential_baseNumber_100000model_number_[8].csv
49222
[[ 366  200  192  362  440  674  624 1018  128  202]
 [ 366  200  192  362  440  674  624 1440  128  202]
 [ 520 1440  568 1440 1440 1440 1440 1440  420 1440]
 [1440 1440 1440 1440 1440 1440 1440 1440 1440 1440]
 [1440 1440 1440 1440 1440 1440 1440 1440 1440 1440]]
28

evaluation
Train_costsExponential_baseNumber_100000model_number_[9].csv
49540
[[ 366  200  192  362  440  674  624 1440  128  202]
 [ 366  200  194  362  440  674  624 1440  128  202]
 [ 506 1440  600 1440 1440 1440 1440 1440  296 1440]
 [1440 1440 1440 1440 1440 1440 1440 1440 1440 1440]
 [1440 1440 1440 1440 1440 1440 1440 1440 1440 1440]]
29

evaluation
Train_costsExponential_baseNumber_100000model_number_[10].csv
51314
[[ 366  200  192  362  440  674  624 1018  128  202]
 [ 366  200  192  362  440 1440 1440 1440  128  202]
 [ 374 1440 1440 1440 1440 1440 1440 1440  204 1440]
 [1440 1440 1440 1440 1440 1440 1440 1440 1440 1440]
 [1440 1440 1440 1440 1440 1440 1440 1440 1440 1440]]
31

 
