costs.dtype = 'float64'
            costs[wind_real_day_hour <= 13.5] = np.float64(10 ** (6 * (0)))
            costs[wind_real_day_hour >= 16] = np.float64(10 ** (6 * 2.5))
            costs[np.logical_and(13.5 < wind_real_day_hour, wind_real_day_hour < 16)] = np.float64(10 ** (
                6 * (wind_real_day_hour[np.logical_and(13.5 < wind_real_day_hour, wind_real_day_hour < 16)] - 13.5)))


evaluation
model_mean_[1-10].csv
48378
[[ 366  200  192  362  440  674  624 1440  128  202]
 [ 366  200  192  362  440  674  624  926  128  202]
 [ 366 1440 1440 1440 1440 1440 1440 1440  188  202]
 [1440 1440 1440 1440 1440 1440 1440 1440 1440 1440]
 [1440 1440 1440 1440 1440 1440 1440 1440 1440 1440]]
28



evaluation
model_number_[1].csv
48316
[[ 366  200  192  362  440  674  624 1440  128  202]
 [ 366  200  192  362  440  674  624  908  128  202]
 [ 366 1440 1440 1440 1440 1440 1440 1440  144  202]
 [1440 1440 1440 1440 1440 1440 1440 1440 1440 1440]
 [1440 1440 1440 1440 1440 1440 1440 1440 1440 1440]]
28

evaluation
model_number_[2].csv
51074
[[ 366  200  192  362  440  674  624 1440  128  202]
 [ 366  200  192  362  440  674 1440 1440  128  202]
 [ 462 1440 1440 1440 1440 1440 1440 1440  220 1440]
 [1440 1440 1440 1440 1440 1440 1440 1440 1440 1440]
 [1440 1440 1440 1440 1440 1440 1440 1440 1440 1440]]
31



evaluation
model_number_[3].csv
51704
[[ 366  200  192  362  440  674  624 1440  128  202]
 [ 366  200  192  362  440 1440 1440 1440  128  202]
 [ 366 1440 1440 1440 1440 1440 1440 1440  180 1440]
 [1440 1440 1440 1440 1440 1440 1440 1440 1440 1440]
 [1440 1440 1440 1440 1440 1440 1440 1440 1440 1440]]
32

evaluation
model_number_[4].csv
49684
[[ 366  200  192  362  440  674  624 1440  128  202]
 [ 366  200  192  362  440  674  624  942  128  202]
 [ 392 1440 1440 1440 1440 1440 1440 1440  214 1440]
 [1440 1440 1440 1440 1440 1440 1440 1440 1440 1440]
 [1440 1440 1440 1440 1440 1440 1440 1440 1440 1440]]
29


evaluation
model_number_[5].csv
50182
[[ 366  200  192  362  440  674  624 1440  128  202]
 [ 366  200  192  362  440  674  624 1440  128  202]
 [ 390 1440 1440 1440 1440 1440 1440 1440  216 1440]
 [1440 1440 1440 1440 1440 1440 1440 1440 1440 1440]
 [1440 1440 1440 1440 1440 1440 1440 1440 1440 1440]]
30



evaluation
model_number_[6].csv
51664
[[ 366  200  192  362  440  674  624 1440  128  202]
 [ 366  200  192  362  440 1440 1440 1440  128  202]
 [ 366 1440 1440 1440 1440 1440 1440 1440  140 1440]
 [1440 1440 1440 1440 1440 1440 1440 1440 1440 1440]
 [1440 1440 1440 1440 1440 1440 1440 1440 1440 1440]]
32



evaluation
model_number_[7].csv
48936
[[ 366  200  192  362  440  674  624 1440  128  202]
 [ 366  200  192  362  440  674 1440 1440  128  202]
 [ 446 1440  568 1440 1440 1440 1440 1440  208  202]
 [1440 1440 1440 1440 1440 1440 1440 1440 1440 1440]
 [1440 1440 1440 1440 1440 1440 1440 1440 1440 1440]]
29


evaluation
model_number_[8].csv
49414
[[ 366  200  192  362  440  674  624 1440  128  202]
 [ 366  200  192  362  440  674  624 1440  128  202]
 [ 482 1440  562 1440 1440 1440 1440 1440  234 1440]
 [1440 1440 1440 1440 1440 1440 1440 1440 1440 1440]
 [1440 1440 1440 1440 1440 1440 1440 1440 1440 1440]]
29



evaluation
model_number_[9].csv
51400
[[ 366  200  192  362  440  674  624 1440  128  202]
 [1440  200  192  362  440  674  624 1440  128  202]
 [ 480 1440 1440 1440 1440 1440 1440 1440  270 1440]
 [1440 1440 1440 1440 1440 1440 1440 1440 1440 1440]
 [1440 1440 1440 1440 1440 1440 1440 1440 1440 1440]]
31

evaluation
model_number_[10].csv
51710
[[ 366  200  192  362  440  674  624 1440  128  202]
 [ 366  200  192  362  440 1440 1440 1440  128  202]
 [ 370 1440 1440 1440 1440 1440 1440 1440  182 1440]
 [1440 1440 1440 1440 1440 1440 1440 1440 1440 1440]
 [1440 1440 1440 1440 1440 1440 1440 1440 1440 1440]]
32

