

48292

[[ 366  200  192  362  440  674  624 1440  128  202]
 
[ 366  200  192  362  440  674  624  900  128  202]
 
[ 366 1440 1440 1440 1440 1440 1440 1440  128  202]
 
[1440 1440 1440 1440 1440 1440 1440 1440 1440 1440]
 
[1440 1440 1440 1440 1440 1440 1440 1440 1440 1440]]

28




# Qlearning 10 loop no refinement  
50144

[[ 366  200  192  362  440  674  624 1440  128  202]
 
[ 366  200  192  362  440  674  624 1440  128  202]
 
[ 366 1440 1440 1440 1440 1440 1440 1440 1440  202]
 
[1440 1440 1440 1440 1440 1440 1440 1440 1440 1440]
 
[1440 1440 1440 1440 1440 1440 1440 1440 1440 1440]]

30


#A*, Qlearnign 100 loop refinement, alpha=0.1
  49390

[[ 366  200  192  362  440  674  624  686  128  202]
 
[ 366  200  192  362  440  674  624 1440  128  202]
 
[ 366 1440 1440 1440 1440 1440 1440 1440 1440  202]
 
[1440 1440 1440 1440 1440 1440 1440 1440 1440 1440]
 
[1440 1440 1440 1440 1440 1440 1440 1440 1440 1440]]

29