Training data (Risky scheme)

#####################################################
model real:
43942
[[ 366  200  192  362  440  674  624  686  128  202]
 [ 366  200  192  362  440  674  624  752  128  202]
 [ 366  430  392  802 1056 1440 1072 1440  128  202]
 [1440 1440 1440 1440 1440 1440 1440 1440 1440 1440]
 [1440 1440 1440 1440 1440 1440 1440 1440 1440 1440]]
22

#####################################################
model 1:
49956
[[ 366  200  192  362  440  674  624  686  128  202]
 [ 366  200  192  362  440  674  624  768  128  202]
 [ 366 1440 1440 1440 1440 1440 1440 1440 1440 1440]
 [1440 1440 1440 1440 1440 1440 1440 1440 1440 1440]
 [1440 1440 1440 1440 1440 1440 1440 1440 1440 1440]]
29


#####################################################
model 2:
51656
[[ 366  200  192  362  440  674  624 1440  128  202]
 [ 366  200  192  362  440 1440 1440 1440  128  202]
 [ 366 1440 1440 1440 1440 1440 1440 1440  132 1440]
 [1440 1440 1440 1440 1440 1440 1440 1440 1440 1440]
 [1440 1440 1440 1440 1440 1440 1440 1440 1440 1440]]
32


#####################################################
model 3:
52228
[[ 366  200  192  362  440  674  624  704  128  202]
 [ 366  200  192  362  440 1440 1440 1440  128  202]
 [ 366 1440 1440 1440 1440 1440 1440 1440 1440 1440]
 [1440 1440 1440 1440 1440 1440 1440 1440 1440 1440]
 [1440 1440 1440 1440 1440 1440 1440 1440 1440 1440]]
32

#####################################################
model 4:

50132
[[ 366  200  192  362  440  674  624  686  128  202]
 [ 366  200  192  362  440  674 1440 1440  128  202]
 [ 366 1440 1440 1440 1440 1440 1440 1440  128 1440]
 [1440 1440 1440 1440 1440 1440 1440 1440 1440 1440]
 [1440 1440 1440 1440 1440 1440 1440 1440 1440 1440]]
30

#####################################################
model 5:
50090
[[ 366  200  192  362  440  674  624 1440  128  202]
 [ 366  200  192  362  440  674  624 1440  128  202]
 [ 366 1440 1440 1440 1440 1440 1440 1440  148 1440]
 [1440 1440 1440 1440 1440 1440 1440 1440 1440 1440]
 [1440 1440 1440 1440 1440 1440 1440 1440 1440 1440]]
30

#####################################################
model 6:
52964
[[ 366  200  192  362  440  674  624 1440  128  202]
 [ 366  200  192  362  440 1440 1440 1440  128  202]
 [ 366 1440 1440 1440 1440 1440 1440 1440 1440 1440]
 [1440 1440 1440 1440 1440 1440 1440 1440 1440 1440]
 [1440 1440 1440 1440 1440 1440 1440 1440 1440 1440]]
33


#####################################################
model 7:
50972
[[ 366  200  192  362  440  674  624 1440  128  202]
 [ 366  200  192  362  440  674 1440 1440  128  202]
 [ 374 1440 1440 1440 1440 1440 1440 1440 1440  206]
 [1440 1440 1440 1440 1440 1440 1440 1440 1440 1440]
 [1440 1440 1440 1440 1440 1440 1440 1440 1440 1440]]
31

#####################################################
model 8:
50628
[[ 366  200  192  362  440  674  624  686  128  202]
 [ 366  200  192  362  440  674  624 1440  128  202]
 [ 366 1440 1440 1440 1440 1440 1440 1440 1440 1440]
 [1440 1440 1440 1440 1440 1440 1440 1440 1440 1440]
 [1440 1440 1440 1440 1440 1440 1440 1440 1440 1440]]
30

#####################################################
model 9:
50836
[[ 366  200  192  362  440  674  624 1440  128  202]
 [ 366  200  192  362  440 1440  624 1440  128  202]
 [ 366 1440 1440 1440 1440 1440 1440 1440  128 1440]
 [1440 1440 1440 1440 1440 1440 1440 1440 1440 1440]
 [1440 1440 1440 1440 1440 1440 1440 1440 1440 1440]]
31

#####################################################
model 10:
51652
[[ 366  200  192  362  440  674  624 1440  128  202]
 [ 366  200  192  362  440 1440 1440 1440  128  202]
 [ 366 1440 1440 1440 1440 1440 1440 1440  128 1440]
 [1440 1440 1440 1440 1440 1440 1440 1440 1440 1440]
 [1440 1440 1440 1440 1440 1440 1440 1440 1440 1440]]
32


