evaluation
real_weather:
43942
[[ 366  200  192  362  440  674  624  686  128  202]
 [ 366  200  192  362  440  674  624  752  128  202]
 [ 366  430  392  802 1056 1440 1072 1440  128  202]
 [1440 1440 1440 1440 1440 1440 1440 1440 1440 1440]
 [1440 1440 1440 1440 1440 1440 1440 1440 1440 1440]]
22


evaluation
model_mean_[1-10].csv
52198
[[ 366  200  192  362  440  674  624 1440  128  202]
 [ 366  200  192  362  440  674 1440 1440  128  202]
 [ 366 1440 1440 1440 1440 1440 1440 1440 1440 1440]
 [1440 1440 1440 1440 1440 1440 1440 1440 1440 1440]
 [1440 1440 1440 1440 1440 1440 1440 1440 1440 1440]]
32


evaluation
model_number_[1].csv
50628
[[ 366  200  192  362  440  674  624  686  128  202]
 [ 366  200  192  362  440  674  624 1440  128  202]
 [ 366 1440 1440 1440 1440 1440 1440 1440 1440 1440]
 [1440 1440 1440 1440 1440 1440 1440 1440 1440 1440]
 [1440 1440 1440 1440 1440 1440 1440 1440 1440 1440]]
30



evaluation
model_number_[2].csv
51656
[[ 366  200  192  362  440  674  624 1440  128  202]
 [ 366  200  192  362  440 1440 1440 1440  128  202]
 [ 366 1440 1440 1440 1440 1440 1440 1440  132 1440]
 [1440 1440 1440 1440 1440 1440 1440 1440 1440 1440]
 [1440 1440 1440 1440 1440 1440 1440 1440 1440 1440]]
32



evaluation
model_number_[3].csv
52964
[[ 366  200  192  362  440  674  624 1440  128  202]
 [ 366  200  192  362  440 1440 1440 1440  128  202]
 [ 366 1440 1440 1440 1440 1440 1440 1440 1440 1440]
 [1440 1440 1440 1440 1440 1440 1440 1440 1440 1440]
 [1440 1440 1440 1440 1440 1440 1440 1440 1440 1440]]
33


evaluation
model_number_[4].csv
50132
[[ 366  200  192  362  440  674  624  686  128  202]
 [ 366  200  192  362  440  674 1440 1440  128  202]
 [ 366 1440 1440 1440 1440 1440 1440 1440  128 1440]
 [1440 1440 1440 1440 1440 1440 1440 1440 1440 1440]
 [1440 1440 1440 1440 1440 1440 1440 1440 1440 1440]]
30



evaluation
model_number_[5].csv
50090
[[ 366  200  192  362  440  674  624 1440  128  202]
 [ 366  200  192  362  440  674  624 1440  128  202]
 [ 366 1440 1440 1440 1440 1440 1440 1440  148 1440]
 [1440 1440 1440 1440 1440 1440 1440 1440 1440 1440]
 [1440 1440 1440 1440 1440 1440 1440 1440 1440 1440]]
30



evaluation
model_number_[6].csv
52964
[[ 366  200  192  362  440  674  624 1440  128  202]
 [ 366  200  192  362  440 1440 1440 1440  128  202]
 [ 366 1440 1440 1440 1440 1440 1440 1440 1440 1440]
 [1440 1440 1440 1440 1440 1440 1440 1440 1440 1440]
 [1440 1440 1440 1440 1440 1440 1440 1440 1440 1440]]
33



evaluation
model_number_[7].csv
50972
[[ 366  200  192  362  440  674  624 1440  128  202]
 [ 366  200  192  362  440  674 1440 1440  128  202]
 [ 374 1440 1440 1440 1440 1440 1440 1440 1440  206]
 [1440 1440 1440 1440 1440 1440 1440 1440 1440 1440]
 [1440 1440 1440 1440 1440 1440 1440 1440 1440 1440]]
31


evaluation
model_number_[8].csv
50628
[[ 366  200  192  362  440  674  624  686  128  202]
 [ 366  200  192  362  440  674  624 1440  128  202]
 [ 366 1440 1440 1440 1440 1440 1440 1440 1440 1440]
 [1440 1440 1440 1440 1440 1440 1440 1440 1440 1440]
 [1440 1440 1440 1440 1440 1440 1440 1440 1440 1440]]
30


evaluation
model_number_[9].csv
50836
[[ 366  200  192  362  440  674  624 1440  128  202]
 [ 366  200  192  362  440 1440  624 1440  128  202]
 [ 366 1440 1440 1440 1440 1440 1440 1440  128 1440]
 [1440 1440 1440 1440 1440 1440 1440 1440 1440 1440]
 [1440 1440 1440 1440 1440 1440 1440 1440 1440 1440]]
31


evaluation
model_number_[10].csv
51652
[[ 366  200  192  362  440  674  624 1440  128  202]
 [ 366  200  192  362  440 1440 1440 1440  128  202]
 [ 366 1440 1440 1440 1440 1440 1440 1440  128 1440]
 [1440 1440 1440 1440 1440 1440 1440 1440 1440 1440]
 [1440 1440 1440 1440 1440 1440 1440 1440 1440 1440]]
32
