##########################################################################################################
Non risky, conservative linear
model real:
43942
[[ 366  200  192  362  440  674  624  686  128  202]
 [ 366  200  192  362  440  674  624  752  128  202]
 [ 366  430  392  802 1056 1440 1072 1440  128  202]
 [1440 1440 1440 1440 1440 1440 1440 1440 1440 1440]
 [1440 1440 1440 1440 1440 1440 1440 1440 1440 1440]]
22


#####################################################
model 1
49602
[[ 366  200  192  362  440 1440  628 1440  128  202]
 [ 366  200  192  362  440  674  624 1440  128  202]
 [ 366 1440 1440 1440 1440 1440 1440 1440  128  202]
 [1440 1440 1440 1440 1440 1440 1440 1440 1440 1440]
 [1440 1440 1440 1440 1440 1440 1440 1440 1440 1440]]
30
(float)
49602
[[ 366  200  192  362  440 1440  628 1440  128  202]
 [ 366  200  192  362  440  674  624 1440  128  202]
 [ 366 1440 1440 1440 1440 1440 1440 1440  128  202]
 [1440 1440 1440 1440 1440 1440 1440 1440 1440 1440]
 [1440 1440 1440 1440 1440 1440 1440 1440 1440 1440]]
30

#####################################################
model 2
49590
[[ 366  200  192  362  440  674  624 1440  128  202]
 [ 366  200  192  362  440  674  624  956  128  202]
 [ 366 1440 1440 1440 1440 1440 1440 1440  132 1440]
 [1440 1440 1440 1440 1440 1440 1440 1440 1440 1440]
 [1440 1440 1440 1440 1440 1440 1440 1440 1440 1440]]
29
(float)
49590
[[ 366  200  192  362  440  674  624 1440  128  202]
 [ 366  200  192  362  440  674  624  956  128  202]
 [ 366 1440 1440 1440 1440 1440 1440 1440  132 1440]
 [1440 1440 1440 1440 1440 1440 1440 1440 1440 1440]
 [1440 1440 1440 1440 1440 1440 1440 1440 1440 1440]]
29
#####################################################
model 3
48342
[[ 366  200  192  362  440  674  624 1440  128  202]
 [ 366  200  192  362  440  674  624  950  128  202]
 [ 366 1440 1440 1440 1440 1440 1440 1440  128  202]
 [1440 1440 1440 1440 1440 1440 1440 1440 1440 1440]
 [1440 1440 1440 1440 1440 1440 1440 1440 1440 1440]]
28
(float)
48342
[[ 366  200  192  362  440  674  624 1440  128  202]
 [ 366  200  192  362  440  674  624  950  128  202]
 [ 366 1440 1440 1440 1440 1440 1440 1440  128  202]
 [1440 1440 1440 1440 1440 1440 1440 1440 1440 1440]
 [1440 1440 1440 1440 1440 1440 1440 1440 1440 1440]]
28

#####################################################
model 4
49316
[[ 366  200  192  362  440  674  624  686  128  202]
 [ 366  200  192  362  440  674  624 1440  128  202]
 [ 366 1440 1440 1440 1440 1440 1440 1440  128 1440]
 [1440 1440 1440 1440 1440 1440 1440 1440 1440 1440]
 [1440 1440 1440 1440 1440 1440 1440 1440 1440 1440]]
29
(float)
49316
[[ 366  200  192  362  440  674  624  686  128  202]
 [ 366  200  192  362  440  674  624 1440  128  202]
 [ 366 1440 1440 1440 1440 1440 1440 1440  128 1440]
 [1440 1440 1440 1440 1440 1440 1440 1440 1440 1440]
 [1440 1440 1440 1440 1440 1440 1440 1440 1440 1440]]
29
#####################################################
model 5
48852
[[ 366  200  192  362  440  674  624 1440  128  202]
 [ 366  200  192  362  440  674  624 1440  128  202]
 [ 366 1440 1440 1440 1440 1440 1440 1440  148  202]
 [1440 1440 1440 1440 1440 1440 1440 1440 1440 1440]
 [1440 1440 1440 1440 1440 1440 1440 1440 1440 1440]]
29
(float)
48852
[[ 366  200  192  362  440  674  624 1440  128  202]
 [ 366  200  192  362  440  674  624 1440  128  202]
 [ 366 1440 1440 1440 1440 1440 1440 1440  148  202]
 [1440 1440 1440 1440 1440 1440 1440 1440 1440 1440]
 [1440 1440 1440 1440 1440 1440 1440 1440 1440 1440]]
29
#####################################################
model 6
49132
[[ 366  200  192  362  440  674  624  968  128  202]
 [ 366  200  192  362  440  674  624  900  128  202]
 [ 366 1440 1440 1440 1440 1440 1440 1440 1440  202]
 [1440 1440 1440 1440 1440 1440 1440 1440 1440 1440]
 [1440 1440 1440 1440 1440 1440 1440 1440 1440 1440]]
28
(float)
48360
[[ 366  200  192  362  440  674  624  968  128  202]
 [ 366  200  192  362  440  674  624 1440  128  202]
 [ 366 1440 1440 1440 1440 1440 1440 1440  128  202]
 [1440 1440 1440 1440 1440 1440 1440 1440 1440 1440]
 [1440 1440 1440 1440 1440 1440 1440 1440 1440 1440]]
28
#####################################################
model 7
48372
[[ 366  200  192  362  440  674  624 1440  128  202]
 [ 366  200  192  362  440  674  624  968  128  202]
 [ 374 1440 1440 1440 1440 1440 1440 1440  128  206]
 [1440 1440 1440 1440 1440 1440 1440 1440 1440 1440]
 [1440 1440 1440 1440 1440 1440 1440 1440 1440 1440]]
28
(float)
48372
[[ 366  200  192  362  440  674  624 1440  128  202]
 [ 366  200  192  362  440  674  624  968  128  202]
 [ 374 1440 1440 1440 1440 1440 1440 1440  128  206]
 [1440 1440 1440 1440 1440 1440 1440 1440 1440 1440]
 [1440 1440 1440 1440 1440 1440 1440 1440 1440 1440]]
28
#####################################################
model 8
50628
[[ 366  200  192  362  440  674  624  686  128  202]
 [ 366  200  192  362  440  674  624 1440  128  202]
 [ 366 1440 1440 1440 1440 1440 1440 1440 1440 1440]
 [1440 1440 1440 1440 1440 1440 1440 1440 1440 1440]
 [1440 1440 1440 1440 1440 1440 1440 1440 1440 1440]]
30
(float)
50082
[[ 366  200  192  362  440 1440  624  686  128  202]
 [ 366  200  192  362  440  674  624 1440  128  202]
 [ 366 1440 1440 1440 1440 1440 1440 1440  128 1440]
 [1440 1440 1440 1440 1440 1440 1440 1440 1440 1440]
 [1440 1440 1440 1440 1440 1440 1440 1440 1440 1440]]
30

#####################################################
model 9
48832
[[ 366  200  192  362  440  674  624 1440  128  202]
 [ 366  200  192  362  440  674  624 1440  128  202]
 [ 366 1440 1440 1440 1440 1440 1440 1440  128  202]
 [1440 1440 1440 1440 1440 1440 1440 1440 1440 1440]
 [1440 1440 1440 1440 1440 1440 1440 1440 1440 1440]]
29
(float)
48832
[[ 366  200  192  362  440  674  624 1440  128  202]
 [ 366  200  192  362  440  674  624 1440  128  202]
 [ 366 1440 1440 1440 1440 1440 1440 1440  128  202]
 [1440 1440 1440 1440 1440 1440 1440 1440 1440 1440]
 [1440 1440 1440 1440 1440 1440 1440 1440 1440 1440]]
29
#####################################################
model 10
47800
[[ 366  200  192  362  440  674  624 1440  128  202]
 [ 366  200  192  362  440  674  624 1440  128  202]
 [ 366 1440  408 1440 1440 1440 1440 1440  128  202]
 [1440 1440 1440 1440 1440 1440 1440 1440 1440 1440]
 [1440 1440 1440 1440 1440 1440 1440 1440 1440 1440]]
28