##########################################################################################################
Non risky, conservative linear
model real:
43942
[[ 366  200  192  362  440  674  624  686  128  202]
 [ 366  200  192  362  440  674  624  752  128  202]
 [ 366  430  392  802 1056 1440 1072 1440  128  202]
 [1440 1440 1440 1440 1440 1440 1440 1440 1440 1440]
 [1440 1440 1440 1440 1440 1440 1440 1440 1440 1440]]
22


#####################################################
model 1
49602
[[ 366  200  192  362  440 1440  628 1440  128  202]
 [ 366  200  192  362  440  674  624 1440  128  202]
 [ 366 1440 1440 1440 1440 1440 1440 1440  128  202]
 [1440 1440 1440 1440 1440 1440 1440 1440 1440 1440]
 [1440 1440 1440 1440 1440 1440 1440 1440 1440 1440]]
30
[[   0    0    0    0    0 1302    0 1358    0    0]
 [   0    0    0    0    0    0    0 1438    0    0]
 [   0  500 1000 1000  536  536  536  820    0    0]
 [   0    0    0    0    0    0    0    0    0    0]
 [   0    0    0    0    0    0    0    0    0    0]]
#####################################################
model 2
49590
[[ 366  200  192  362  440  674  624 1440  128  202]
 [ 366  200  192  362  440  674  624  956  128  202]
 [ 366 1440 1440 1440 1440 1440 1440 1440  132 1440]
 [1440 1440 1440 1440 1440 1440 1440 1440 1440 1440]
 [1440 1440 1440 1440 1440 1440 1440 1440 1440 1440]]
29
[[   0    0    0    0    0    0    0 1526    0    0]
 [   0    0    0    0    0    0    0    0    0    0]
 [   0 1104  620 1118 1118  600 1118 1000    0 1118]
 [   0    0    0    0    0    0    0    0    0    0]
 [   0    0    0    0    0    0    0    0    0    0]]
29
#####################################################
model 3
48342
[[ 366  200  192  362  440  674  624 1440  128  202]
 [ 366  200  192  362  440  674  624  950  128  202]
 [ 366 1440 1440 1440 1440 1440 1440 1440  128  202]
 [1440 1440 1440 1440 1440 1440 1440 1440 1440 1440]
 [1440 1440 1440 1440 1440 1440 1440 1440 1440 1440]]
28
[[   0    0    0    0    0    0    0 1518    0    0]
 [   0    0    0    0    0    0    0    0    0    0]
 [   0  502  426 1000 1000 1000 1000  654    0    0]
 [   0    0    0    0    0    0    0    0    0    0]
 [   0    0    0    0    0    0    0    0    0    0]]
#####################################################
model 4
49316
[[ 366  200  192  362  440  674  624  686  128  202]
 [ 366  200  192  362  440  674  624 1440  128  202]
 [ 366 1440 1440 1440 1440 1440 1440 1440  128 1440]
 [1440 1440 1440 1440 1440 1440 1440 1440 1440 1440]
 [1440 1440 1440 1440 1440 1440 1440 1440 1440 1440]]
29
[[   0    0    0    0    0    0    0    0    0    0]
 [   0    0    0    0    0    0    0 1600    0    0]
 [   0  640 1004  854  854  854  854 1000    0  854]
 [   0    0    0    0    0    0    0    0    0    0]
 [   0    0    0    0    0    0    0    0    0    0]]
#####################################################
model 5
48852
[[ 366  200  192  362  440  674  624 1440  128  202]
 [ 366  200  192  362  440  674  624 1440  128  202]
 [ 366 1440 1440 1440 1440 1440 1440 1440  148  202]
 [1440 1440 1440 1440 1440 1440 1440 1440 1440 1440]
 [1440 1440 1440 1440 1440 1440 1440 1440 1440 1440]]
29
[[   0    0    0    0    0    0    0 1522    0    0]
 [   0    0    0    0    0    0    0 1640    0    0]
 [   0 1104 1000 1300 1000 1000 1000  736    0    0]
 [   0    0    0    0    0    0    0    0    0    0]
 [   0    0    0    0    0    0    0    0    0    0]]
#####################################################
model 6
48360
[[ 366  200  192  362  440  674  624  968  128  202]
 [ 366  200  192  362  440  674  624 1440  128  202]
 [ 366 1440 1440 1440 1440 1440 1440 1440  128  202]
 [1440 1440 1440 1440 1440 1440 1440 1440 1440 1440]
 [1440 1440 1440 1440 1440 1440 1440 1440 1440 1440]]
28
[[   0    0    0    0    0    0    0    0    0    0]
 [   0    0    0    0    0    0    0 1246    0    0]
 [   0  514 1000  850  518  554  554  518    0    0]
 [   0    0    0    0    0    0    0    0    0    0]
 [   0    0    0    0    0    0    0    0    0    0]]
#####################################################
model 7
48372
[[ 366  200  192  362  440  674  624 1440  128  202]
 [ 366  200  192  362  440  674  624  968  128  202]
 [ 374 1440 1440 1440 1440 1440 1440 1440  128  206]
 [1440 1440 1440 1440 1440 1440 1440 1440 1440 1440]
 [1440 1440 1440 1440 1440 1440 1440 1440 1440 1440]]
28
[[   0    0    0    0    0    0    0 1554    0    0]
 [   0    0    0    0    0    0    0    0    0    0]
 [   0 1102 1008 1216 1214 1212 1208 1000    0    0]
 [   0    0    0    0    0    0    0    0    0    0]
 [   0    0    0    0    0    0    0    0    0    0]]
#####################################################
model 8
50082
[[ 366  200  192  362  440 1440  624  686  128  202]
 [ 366  200  192  362  440  674  624 1440  128  202]
 [ 366 1440 1440 1440 1440 1440 1440 1440  128 1440]
 [1440 1440 1440 1440 1440 1440 1440 1440 1440 1440]
 [1440 1440 1440 1440 1440 1440 1440 1440 1440 1440]]
30
[[   0    0    0    0    0 1300    0    0    0    0]
 [   0    0    0    0    0    0    0 1644    0    0]
 [   0 1018 1000  846 1006 1006 1006 1000    0  510]
 [   0    0    0    0    0    0    0    0    0    0]
 [   0    0    0    0    0    0    0    0    0    0]]
#####################################################
model 9
48832
[[ 366  200  192  362  440  674  624 1440  128  202]
 [ 366  200  192  362  440  674  624 1440  128  202]
 [ 366 1440 1440 1440 1440 1440 1440 1440  128  202]
 [1440 1440 1440 1440 1440 1440 1440 1440 1440 1440]
 [1440 1440 1440 1440 1440 1440 1440 1440 1440 1440]]
29
[[   0    0    0    0    0    0    0 1858    0    0]
 [   0    0    0    0    0    0    0 1636    0    0]
 [   0 1038 1000 1000 1000 1000 1000 1000    0    0]
 [   0    0    0    0    0    0    0    0    0    0]
 [   0    0    0    0    0    0    0    0    0    0]]
#####################################################
model 10
47800
[[ 366  200  192  362  440  674  624 1440  128  202]
 [ 366  200  192  362  440  674  624 1440  128  202]
 [ 366 1440  408 1440 1440 1440 1440 1440  128  202]
 [1440 1440 1440 1440 1440 1440 1440 1440 1440 1440]
 [1440 1440 1440 1440 1440 1440 1440 1440 1440 1440]]
28
[[   0    0    0    0    0    0    0 1422    0    0]
 [   0    0    0    0    0    0    0 1654    0    0]
 [   0 1110    0 1146 1116  754  754  754    0    0]
 [   0    0    0    0    0    0    0    0    0    0]
 [   0    0    0    0    0    0    0    0    0    0]]
