def cost(self, to_node):
        weight_idx = to_node[0], to_node[1], to_node[2]//self.hourly_travel_distance
        cost = self.weights[weight_idx]

        remainder = np.mod(to_node[2], self.hourly_travel_distance)
        if 25 <= remainder:
            cost += 0.1*(remainder-25)
        elif remainder <= 5:
            cost += 0.1*(5-remainder)

        return cost



evaluation
model__mean_[1-10].csv:
48832
[[ 366  200  192  362  440  674  624 1440  128  202]
 [ 366  200  192  362  440  674  624 1440  128  202]
 [ 366 1440 1440 1440 1440 1440 1440 1440  128  202]
 [1440 1440 1440 1440 1440 1440 1440 1440 1440 1440]
 [1440 1440 1440 1440 1440 1440 1440 1440 1440 1440]]
29



evaluation
model_number_[1].csv
49602
[[ 366  200  192  362  440 1440  628 1440  128  202]
 [ 366  200  192  362  440  674  624 1440  128  202]
 [ 366 1440 1440 1440 1440 1440 1440 1440  128  202]
 [1440 1440 1440 1440 1440 1440 1440 1440 1440 1440]
 [1440 1440 1440 1440 1440 1440 1440 1440 1440 1440]]
30



evaluation
model_number_[2].csv
49590
[[ 366  200  192  362  440  674  624 1440  128  202]
 [ 366  200  192  362  440  674  624  956  128  202]
 [ 366 1440 1440 1440 1440 1440 1440 1440  132 1440]
 [1440 1440 1440 1440 1440 1440 1440 1440 1440 1440]
 [1440 1440 1440 1440 1440 1440 1440 1440 1440 1440]]
29



evaluation
model_number_[3].csv
48342
[[ 366  200  192  362  440  674  624 1440  128  202]
 [ 366  200  192  362  440  674  624  950  128  202]
 [ 366 1440 1440 1440 1440 1440 1440 1440  128  202]
 [1440 1440 1440 1440 1440 1440 1440 1440 1440 1440]
 [1440 1440 1440 1440 1440 1440 1440 1440 1440 1440]]
28



evaluation
model_number_[4].csv
49316
[[ 366  200  192  362  440  674  624  686  128  202]
 [ 366  200  192  362  440  674  624 1440  128  202]
 [ 366 1440 1440 1440 1440 1440 1440 1440  128 1440]
 [1440 1440 1440 1440 1440 1440 1440 1440 1440 1440]
 [1440 1440 1440 1440 1440 1440 1440 1440 1440 1440]]
29



evaluation
model_number_[5].csv
48852
[[ 366  200  192  362  440  674  624 1440  128  202]
 [ 366  200  192  362  440  674  624 1440  128  202]
 [ 366 1440 1440 1440 1440 1440 1440 1440  148  202]
 [1440 1440 1440 1440 1440 1440 1440 1440 1440 1440]
 [1440 1440 1440 1440 1440 1440 1440 1440 1440 1440]]
29



evaluation
model_number_[6].csv
48360
[[ 366  200  192  362  440  674  624  968  128  202]
 [ 366  200  192  362  440  674  624 1440  128  202]
 [ 366 1440 1440 1440 1440 1440 1440 1440  128  202]
 [1440 1440 1440 1440 1440 1440 1440 1440 1440 1440]
 [1440 1440 1440 1440 1440 1440 1440 1440 1440 1440]]
28



evaluation
model_number_[7].csv
48372
[[ 366  200  192  362  440  674  624 1440  128  202]
 [ 366  200  192  362  440  674  624  968  128  202]
 [ 374 1440 1440 1440 1440 1440 1440 1440  128  206]
 [1440 1440 1440 1440 1440 1440 1440 1440 1440 1440]
 [1440 1440 1440 1440 1440 1440 1440 1440 1440 1440]]
28



evaluation
model_number_[8].csv
50082
[[ 366  200  192  362  440 1440  624  686  128  202]
 [ 366  200  192  362  440  674  624 1440  128  202]
 [ 366 1440 1440 1440 1440 1440 1440 1440  128 1440]
 [1440 1440 1440 1440 1440 1440 1440 1440 1440 1440]
 [1440 1440 1440 1440 1440 1440 1440 1440 1440 1440]]
30



evaluation
model_number_[9].csv
48832
[[ 366  200  192  362  440  674  624 1440  128  202]
 [ 366  200  192  362  440  674  624 1440  128  202]
 [ 366 1440 1440 1440 1440 1440 1440 1440  128  202]
 [1440 1440 1440 1440 1440 1440 1440 1440 1440 1440]
 [1440 1440 1440 1440 1440 1440 1440 1440 1440 1440]]
29



evaluation
model_number_[10].csv
47800
[[ 366  200  192  362  440  674  624 1440  128  202]
 [ 366  200  192  362  440  674  624 1440  128  202]
 [ 366 1440  408 1440 1440 1440 1440 1440  128  202]
 [1440 1440 1440 1440 1440 1440 1440 1440 1440 1440]
 [1440 1440 1440 1440 1440 1440 1440 1440 1440 1440]]
28

 > End Time:
   Sat, 13 Jan 2018-01-13 20:06:13

   ET: 3h:07m:24s

Process finished with exit code 0
