# qLearning, reward (1/wind_speed)
48078
[[ 366  200  192  362  440  674  624  686  128  202]
 [ 366  200  192  362  440  674  624 1440  128  202]
 [ 366 1440 1440 1440 1440 1440 1440 1440  128  202]
 [1440 1440 1440 1440 1440 1440 1440 1440 1440 1440]
 [1440 1440 1440 1440 1440 1440 1440 1440 1440 1440]]
28


############ Best ####################################

47598
[[ 366  200  192  362  440  674  624  686  128  202]
 [ 366  200  192  362  440  674  624  956  128  202]
 [ 366 1440 1440 1440 1440 1440 1440 1440  128  206]
 [1440 1440 1440 1440 1440 1440 1440 1440 1440 1440]
 [1440 1440 1440 1440 1440 1440 1440 1440 1440 1440]]
[[   0    0    0    0    0    0    0    0    0    0]
 [   0    0    0    0    0    0    0    0    0    0]
 [   0  640 1000  850 1000 1000  554  518    0    0]
 [   0    0    0    0    0    0    0    0    0    0]
 [   0    0    0    0    0    0    0    0    0    0]]
27

# Expected Sarsa
48352
[[ 366  200  192  362  440  674  624 1440  128  202]
 [ 366  200  192  362  440  674  624  956  128  202]
 [ 366 1440 1440 1440 1440 1440 1440 1440  132  202]
 [1440 1440 1440 1440 1440 1440 1440 1440 1440 1440]
 [1440 1440 1440 1440 1440 1440 1440 1440 1440 1440]]
[[   0    0    0    0    0    0    0 1858    0    0]
 [   0    0    0    0    0    0    0    0    0    0]
 [   0  500  426  846 1118 1006 1000  518    0    0]
 [   0    0    0    0    0    0    0    0    0    0]
 [   0    0    0    0    0    0    0    0    0    0]]
28


48292l
[[ 366  200  192  362  440  674  624 1440  128  202]
 [ 366  200  192  362  440  674  624  900  128  202]
 [ 366 1440 1440 1440 1440 1440 1440 1440  128  202]
 [1440 1440 1440 1440 1440 1440 1440 1440 1440 1440]
 [1440 1440 1440 1440 1440 1440 1440 1440 1440 1440]]
28

# Qlearning 10 loop no refinement
50144
[[ 366  200  192  362  440  674  624 1440  128  202]
 [ 366  200  192  362  440  674  624 1440  128  202]
 [ 366 1440 1440 1440 1440 1440 1440 1440 1440  202]
 [1440 1440 1440 1440 1440 1440 1440 1440 1440 1440]
 [1440 1440 1440 1440 1440 1440 1440 1440 1440 1440]]
30

# A*, Qlearnign 100 loop refinement, alpha=0.1
49390
[[ 366  200  192  362  440  674  624  686  128  202]
 [ 366  200  192  362  440  674  624 1440  128  202]
 [ 366 1440 1440 1440 1440 1440 1440 1440 1440  202]
 [1440 1440 1440 1440 1440 1440 1440 1440 1440 1440]
 [1440 1440 1440 1440 1440 1440 1440 1440 1440 1440]]
29



# A*, Expected Sarsa 48836 loop 100 refinement, alpha=0.1 decrease
48836
[[ 366  200  192  362  440  674  624 1440  128  202]
 [ 366  200  192  362  440  674  624 1440  128  202]
 [ 366 1440 1440 1440 1440 1440 1440 1440  132  202]
 [1440 1440 1440 1440 1440 1440 1440 1440 1440 1440]
 [1440 1440 1440 1440 1440 1440 1440 1440 1440 1440]]
29